80, 23, 443, 21, 22, 25, 3389, 110, 445, 139, 143, 53, 135, 3306, 8080, 1723, 111, 995, 993, 5900, 1025, 587, 8888, 199, 1720,
465, 548, 113, 81, 6001, 10000, 514, 5060, 179, 1026, 2000, 8443, 8000, 32768, 554, 26, 1433, 49152, 2001, 515, 8008, 49154, 1027, 5666, 646,
5000, 5631, 631, 49153, 8081, 2049, 88, 79, 5800, 106, 2121, 1110, 49155, 6000, 513, 990, 5357, 427, 49156, 543, 544, 5101, 144, 7, 389,
8009, 3128, 444, 9999, 5009, 7070, 5190, 3000, 5432, 3986, 1900, 13, 1029, 9, 6646, 5051, 49157, 1028, 873, 1755, 2717, 4899, 9100, 119, 37,
1000, 3001, 5001, 82, 10010, 1030, 9090, 2107, 1024, 2103, 6004, 1801, 5050, 19, 8031, 1041, 255, 3703, 2967, 1065, 1064, 1056, 1054, 1053, 1049,
1048, 17, 808, 3689, 1031, 1071, 1044, 5901, 9102, 100, 9000, 8010, 5120, 4001, 2869, 1039, 2105, 636, 1038, 2601, 7000, 1, 1069, 1066, 625,
311, 280, 254, 4000, 5003, 1761, 2002, 2005, 1998, 1032, 1050, 6112, 3690, 1521, 2161, 6002, 1080, 2401, 4045, 902, 7937, 787, 1058, 2383, 32771,
1059, 1040, 1033, 50000, 5555, 10001, 1494, 2301, 593, 3, 7938, 3268, 1234, 1022, 9001, 8002, 1074, 1037, 1036, 1035, 464, 6666, 2003, 1935, 497,
6543, 1352, 24, 3269, 1111, 500, 407, 20, 2006, 15000, 3260, 1218, 1034, 4444, 264, 2004, 33, 42510, 1042, 3052, 999, 1023, 1068, 222, 7100,
888, 563, 1717, 32770, 2008, 992, 32772, 7001, 8082, 2007, 5550, 5801, 2009, 1043, 512, 50001, 7019, 2701, 1700, 4662, 2065, 2010, 42, 9535, 3333,
2602, 161, 5100, 5002, 4002, 2604, 65389, 65000, 64680, 64623, 55600, 55555, 52869, 35500, 33354, 32769, 23502, 20828, 16993, 16992, 9595, 9594, 9593, 9415, 8701,
8652, 8651, 8194, 8193, 8192, 8089, 6789, 6059, 5226, 5225, 4443, 3283, 2702, 1311, 1062, 1060, 1055, 1052, 1051, 1047, 13782, 1067, 5902, 366, 9050,
5500, 1002, 85, 51103, 49999, 45100, 10243, 8085, 5431, 1864, 1863, 49, 6667, 90, 27000, 6881, 1503, 8021, 1500, 340, 9071, 8899, 8088, 5566, 2222,
32774, 32773, 9876, 9101, 6005, 5102, 1501, 5679, 163, 1666, 648, 146, 901, 83, 14238, 9207, 8084, 8083, 8001, 5214, 5004, 3476, 12345, 912, 30,
2605, 2030, 6, 541, 8007, 3005, 1248, 4, 2500, 880, 306, 52822, 9009, 8291, 4242, 2525, 1097, 1088, 1086, 6101, 900, 7200, 2809, 32775, 12000,
1083, 987, 800, 211, 705, 20005, 711, 13783, 6969, 65129, 63331, 60020, 58080, 57294, 50800, 50006, 50003, 49160, 49159, 49158, 48080, 40193, 34573, 34572, 34571,
33899, 32782, 32781, 31038, 30718, 30000, 28201, 27715, 25734, 24800, 22939, 21571, 20222, 20221, 20031, 20000, 19842, 19801, 19101, 17988, 16018, 16016, 16001, 15660, 15003,
15002, 14442, 14000, 13456, 11967, 11110, 10629, 10628, 10626, 10621, 10617, 10616, 10566, 10025, 10024, 10012, 10002, 9968, 9900, 9618, 9503, 9502, 9500, 9485, 9290,
9220, 9080, 9011, 9010, 9002, 8994, 8873, 8649, 8600, 8402, 8400, 8333, 8222, 8181, 8087, 8086, 7911, 7778, 7777, 7741, 7627, 7625, 7106, 6901, 6788,
6580, 6389, 6156, 6129, 6123, 5989, 5988, 5987, 5986, 5985, 5962, 5961, 5960, 5959, 5925, 5911, 5910, 5877, 5825, 5810, 5718, 5633, 5414, 5269, 5222,
5030, 4449, 4129, 4126, 4003, 3998, 3827, 3801, 3784, 3766, 3659, 3580, 3551, 3404, 3367, 3351, 3325, 3323, 3301, 3300, 3211, 3071, 3031, 3017, 2875,
2811, 2718, 2607, 2492, 2399, 2381, 2260, 2190, 2160, 2144, 2135, 2119, 2100, 1947, 1840, 1783, 1718, 1687, 1310, 1272, 1169, 1148, 1108, 1107, 1106,
1104, 1100, 1099, 1098, 1096, 1094, 1093, 1085, 1082, 1081, 1079, 1078, 1077, 1075, 1073, 1072, 1070, 1063, 1061, 1057, 1046, 1045, 691, 89, 32776,
2020, 1999, 1001, 212, 50002, 7002, 6003, 2998, 5510, 3372, 2033, 898, 32, 5903, 749, 425, 99, 13722, 7007, 6502, 6106, 5405, 458, 43, 62078,
61900, 61532, 56738, 55055, 51493, 50636, 50389, 49175, 49165, 49163, 32784, 27355, 27353, 27352, 24444, 19780, 19315, 19283, 18988, 16012, 15742, 10778, 10004, 9998, 9944,
9943, 9877, 9666, 9110, 9091, 8654, 8500, 8254, 8180, 8100, 8090, 8011, 7512, 7443, 7435, 7402, 7103, 5963, 5922, 5915, 5904, 5859, 5822, 5298, 5280,
5200, 5054, 4446, 4111, 4006, 3995, 3918, 3880, 3871, 3851, 3828, 3737, 3546, 3493, 3371, 3370, 3369, 3261, 3077, 3030, 3011, 2522, 2251, 2191, 2179,
2126, 1782, 1580, 1334, 1296, 1247, 1186, 1183, 1152, 1124, 1089, 1087, 32779, 32777, 9040, 1021, 32778, 2021, 700, 666, 616, 49400, 38292, 5802, 4321,
2040, 1524, 1112, 545, 84, 32780, 3006, 2111, 2048, 1600, 1084, 16080, 9111, 6699, 6547, 2638, 6007, 5560, 2106, 2034, 1533, 1443, 801, 720, 667,
555, 60443, 57797, 56737, 55056, 54328, 54045, 52848, 52673, 50500, 50300, 49176, 49167, 49161, 44501, 44176, 41511, 40911, 32785, 32783, 30951, 27356, 26214, 25735, 19350,
18101, 18040, 17877, 16113, 16000, 15004, 14441, 12265, 12174, 11111, 10215, 10180, 10009, 10003, 9917, 9898, 9878, 9575, 9418, 9200, 9099, 9081, 9003, 8800, 8383,
8300, 8292, 8290, 8200, 8099, 8093, 8045, 8042, 8022, 7999, 7921, 7920, 7800, 7676, 7496, 7025, 6839, 6792, 6779, 6692, 6689, 6567, 6566, 6565, 6510,
6100, 6025, 5952, 5950, 5907, 5906, 5862, 5850, 5815, 5811, 5730, 5678, 5544, 5440, 5221, 5087, 5080, 5061, 5033, 4900, 4848, 4567, 4550, 4445, 4279,
4005, 4004, 3971, 3945, 3920, 3914, 3905, 3889, 3878, 3869, 3826, 3814, 3809, 3800, 3527, 3517, 3390, 3324, 3322, 3221, 3168, 3003, 2909, 2725, 2608,
2394, 2393, 2323, 1862, 1271, 1201, 1199, 1175, 1151, 1138, 1131, 1122, 1119, 1117, 1114, 1091, 1090, 6346, 4998, 4224, 2022, 1009, 981, 777, 722,
714, 617, 417, 70, 10082, 5999, 2041, 1076, 765, 668, 524, 301, 44443, 7004, 6009, 4343, 2068, 2038, 1984, 1434, 1417, 1007, 416, 259, 9103,
7201, 6006, 4125, 2046, 2035, 1461, 1010, 911, 726, 687, 109, 6669, 6668, 2047, 2043, 2013, 1455, 1011, 903, 683, 481, 125, 44442, 31337, 9929,
5998, 2045, 2042, 843, 783, 406, 256, 65310, 61613, 60642, 60146, 60123, 59202, 59201, 59200, 59110, 58838, 58632, 58630, 58002, 58001, 57665, 55576, 55020, 53535,
53314, 53313, 53211, 52853, 52851, 52850, 52849, 52847, 52735, 52710, 52660, 51413, 51191, 50050, 49401, 49236, 49195, 49186, 49171, 49168, 49164, 47544, 46996, 46200, 44709,
41523, 41064, 40811, 40000, 39659, 39376, 39136, 38188, 38185, 37839, 35513, 33554, 33453, 32835, 32822, 32816, 32803, 32792, 32791, 31727, 30704, 30005, 29831, 29672, 282116379
